runs=3
median_set_ops=380699.000
median_get_ops=391904.000
median_set_p99_ms=52.22300
median_get_p99_ms=21.50300
