runs=3
median_set_ops=346706.000
median_get_ops=212387.000
median_set_p99_ms=59.64700
median_get_p99_ms=47.35900
