runs=5
median_set_ops=113434.000
median_get_ops=129050.000
median_set_p99_ms=0.07900
median_get_p99_ms=0.08700
