runs=5
median_set_ops=105366.000
median_get_ops=125048.000
median_set_p99_ms=0.08700
median_get_p99_ms=0.08700
