runs=5
median_set_ops=127962.000
median_get_ops=148569.000
median_set_p99_ms=0.07900
median_get_p99_ms=0.07100
