binary_ab_comparison
base_label=base-fb37d1a646
new_label=worktree-r009
base-fb37d1a646.median_set_ops=67307.000
base-fb37d1a646.median_get_ops=63353.000
base-fb37d1a646.median_set_p99_ms=0.11900
base-fb37d1a646.median_get_p99_ms=0.16700
worktree-r009.median_set_ops=66461.000
worktree-r009.median_get_ops=65950.000
worktree-r009.median_set_p99_ms=0.11900
worktree-r009.median_get_p99_ms=0.12700
delta.set_ops_pct=-1.26
delta.get_ops_pct=4.10
delta.set_p99_ms_pct=0.00
delta.get_p99_ms_pct=-23.95
