runs=1
median_set_ops=61988.000
median_get_ops=63517.000
median_set_p99_ms=0.16700
median_get_p99_ms=0.13500
