runs=5
median_set_ops=137837.000
median_get_ops=146530.000
median_set_p99_ms=0.33500
median_get_p99_ms=0.34300
