runs=1
median_set_ops=118842.000
median_get_ops=138427.000
median_set_p99_ms=0.64700
median_get_p99_ms=0.47100
