runs=3
median_hash_hdel_ops=11181.20000
median_hash_hdel_p99_ms=1.03100
median_hash_hset_ops=11181.20000
median_hash_hset_p99_ms=0.71100
median_list_lpop_ops=2167.74000
median_list_lpop_p99_ms=1.09500
median_list_lpush_ops=2167.74000
median_list_lpush_p99_ms=1.51900
median_set_sadd_ops=4292.21000
median_set_sadd_p99_ms=1.68700
median_set_srem_ops=4292.21000
median_set_srem_p99_ms=1.67900
median_zset_zadd_ops=4284.40000
median_zset_zadd_p99_ms=1.55100
median_zset_zrem_ops=4284.40000
median_zset_zrem_p99_ms=1.59900
