runs=5
median_set_ops=76235.000
median_get_ops=85710.000
median_set_p99_ms=0.15900
median_get_p99_ms=0.14300
