runs=5
median_set_ops=76392.000
median_get_ops=80963.000
median_set_p99_ms=0.16700
median_get_p99_ms=0.15100
