runs=3
median_set_ops=103023.000
median_get_ops=110656.000
median_set_p99_ms=1.08700
median_get_p99_ms=1.13500
