runs=5
median_set_ops=85523.000
median_get_ops=123100.000
median_set_p99_ms=0.19900
median_get_p99_ms=0.08700
