runs=5
median_set_ops=105613.000
median_get_ops=140352.000
median_set_p99_ms=0.08700
median_get_p99_ms=0.07900
