binary_ab_comparison
base_label=base_11_606
new_label=new_11_607
base_11_606.median_set_ops=124360.000
base_11_606.median_get_ops=154789.000
base_11_606.median_set_p99_ms=0.07100
base_11_606.median_get_p99_ms=0.06300
new_11_607.median_set_ops=128376.000
new_11_607.median_get_ops=162038.000
new_11_607.median_set_p99_ms=0.07100
new_11_607.median_get_p99_ms=0.06300
delta.set_ops_pct=3.23
delta.get_ops_pct=4.68
delta.set_p99_ms_pct=0.00
delta.get_p99_ms_pct=0.00
