binary_ab_comparison
base_label=base_11_606
new_label=new_11_607
base_11_606.median_set_ops=125263.000
base_11_606.median_get_ops=162390.000
base_11_606.median_set_p99_ms=0.07900
base_11_606.median_get_p99_ms=0.06300
new_11_607.median_set_ops=123596.000
new_11_607.median_get_ops=158556.000
new_11_607.median_set_p99_ms=0.07900
new_11_607.median_get_p99_ms=0.06300
delta.set_ops_pct=-1.33
delta.get_ops_pct=-2.36
delta.set_p99_ms_pct=0.00
delta.get_p99_ms_pct=0.00
