binary_ab_comparison
base_label=base_11_606
new_label=new_11_607
base_11_606.median_set_ops=289935.000
base_11_606.median_get_ops=358874.000
base_11_606.median_set_p99_ms=2.67100
base_11_606.median_get_p99_ms=1.73500
new_11_607.median_set_ops=292851.000
new_11_607.median_get_ops=383196.000
new_11_607.median_set_p99_ms=2.47900
new_11_607.median_get_p99_ms=1.62300
delta.set_ops_pct=1.01
delta.get_ops_pct=6.78
delta.set_p99_ms_pct=-7.19
delta.get_p99_ms_pct=-6.46
