runs=5
median_set_ops=108149.000
median_get_ops=117511.000
median_set_p99_ms=0.10300
median_get_p99_ms=0.09500
