runs=5
median_set_ops=106971.000
median_get_ops=116096.000
median_set_p99_ms=0.10300
median_get_p99_ms=0.09500
