runs=5
median_set_ops=102007.000
median_get_ops=112488.000
median_set_p99_ms=0.10300
median_get_p99_ms=0.09500
