runs=5
median_set_ops=99930.000
median_get_ops=107305.000
median_set_p99_ms=0.12700
median_get_p99_ms=0.10300
