runs=5
median_set_ops=122578.000
median_get_ops=136525.000
median_set_p99_ms=0.07100
median_get_p99_ms=0.07900
