runs=1
median_set_ops=64790.000
median_get_ops=61459.000
median_set_p99_ms=0.11900
median_get_p99_ms=0.14300
