runs=1
median_set_ops=66898.000
median_get_ops=66420.000
median_set_p99_ms=0.10300
median_get_p99_ms=0.12700
