runs=3
median_hgetdel_ops=27316.70000
median_hgetdel_p99_ms=0.19100
median_hmset_ops=27316.70000
median_hmset_p99_ms=0.20700
