runs=5
median_set_ops=101487.000
median_get_ops=110223.000
median_set_p99_ms=0.12700
median_get_p99_ms=0.11100
