runs=5
median_set_ops=104448.000
median_get_ops=109159.000
median_set_p99_ms=0.11100
median_get_p99_ms=0.11900
