runs=3
median_hash_hdel_ops=10686.80000
median_hash_hdel_p99_ms=2.73500
median_hash_hset_ops=10686.80000
median_hash_hset_p99_ms=2.14300
median_list_lpop_ops=1776.29000
median_list_lpop_p99_ms=6.14300
median_list_lpush_ops=1776.29000
median_list_lpush_p99_ms=5.82300
median_set_sadd_ops=4272.09000
median_set_sadd_p99_ms=3.90300
median_set_srem_ops=4272.09000
median_set_srem_p99_ms=3.88700
median_zset_zadd_ops=4271.62000
median_zset_zadd_p99_ms=4.28700
median_zset_zrem_ops=4271.62000
median_zset_zrem_p99_ms=3.03900
