runs=3
median_hash_hdel_ops=11375.60000
median_hash_hdel_p99_ms=0.51100
median_hash_hset_ops=11375.60000
median_hash_hset_p99_ms=0.49500
median_list_lpop_ops=2213.07000
median_list_lpop_p99_ms=1.08700
median_list_lpush_ops=2213.07000
median_list_lpush_p99_ms=1.28700
median_set_sadd_ops=4304.37000
median_set_sadd_p99_ms=1.69500
median_set_srem_ops=4304.37000
median_set_srem_p99_ms=1.72700
median_zset_zadd_ops=4313.01000
median_zset_zadd_p99_ms=1.84700
median_zset_zrem_ops=4313.01000
median_zset_zrem_p99_ms=1.79900
