runs=3
median_hash_hdel_ops=11527.00000
median_hash_hdel_p99_ms=0.50300
median_hash_hset_ops=11527.00000
median_hash_hset_p99_ms=0.47900
median_list_lpop_ops=2282.85000
median_list_lpop_p99_ms=1.14300
median_list_lpush_ops=2282.85000
median_list_lpush_p99_ms=1.07900
median_set_sadd_ops=4447.33000
median_set_sadd_p99_ms=1.68700
median_set_srem_ops=4447.33000
median_set_srem_p99_ms=1.64700
median_zset_zadd_ops=4476.69000
median_zset_zadd_p99_ms=1.60700
median_zset_zrem_ops=4476.69000
median_zset_zrem_p99_ms=1.77500
