runs=5
median_set_ops=76165.000
median_get_ops=93475.000
median_set_p99_ms=0.17500
median_get_p99_ms=0.12700
