runs=5
median_set_ops=73062.000
median_get_ops=87831.000
median_set_p99_ms=0.17500
median_get_p99_ms=0.14300
