runs=5
median_set_ops=163595.000
median_get_ops=167059.000
median_set_p99_ms=0.39900
median_get_p99_ms=0.35100
