runs=1
median_set_ops=68664.000
median_get_ops=62196.000
median_set_p99_ms=0.11900
median_get_p99_ms=0.17500
