runs=3
median_set_ops=60556.000
median_get_ops=88111.000
median_set_p99_ms=0.56700
median_get_p99_ms=0.21500
