runs=3
median_set_ops=72316.000
median_get_ops=74390.000
median_set_p99_ms=0.10300
median_get_p99_ms=0.09500
