runs=3
median_mixed_get_ops=51500.90000
median_mixed_get_p99_ms=0.99100
median_mixed_set_ops=51500.90000
median_mixed_set_p99_ms=0.99900
median_write_set_ops=84271.70000
median_write_set_p99_ms=1.42300
