runs=3
median_set_ops=164612.000
median_get_ops=170328.000
median_set_p99_ms=0.43100
median_get_p99_ms=0.33500
