runs=3
median_mixed_get_ops=60023.50000
median_mixed_get_p99_ms=0.59900
median_mixed_set_ops=60023.50000
median_mixed_set_p99_ms=0.60700
median_write_set_ops=98696.90000
median_write_set_p99_ms=1.15100
