runs=3
median_set_ops=63856.000
median_get_ops=66352.000
median_set_p99_ms=0.11900
median_get_p99_ms=0.11900
