runs=1
median_set_ops=57901.000
median_get_ops=65842.000
median_set_p99_ms=0.15900
median_get_p99_ms=0.12700
