hmset_hgetdel_ab_comparison
base_label=before_11_398
new_label=after_11_399
before_11_398.median_hmset_ops=27316.70000
before_11_398.median_hmset_p99_ms=0.20700
before_11_398.median_hgetdel_ops=27316.70000
before_11_398.median_hgetdel_p99_ms=0.19100
after_11_399.median_hmset_ops=27470.90000
after_11_399.median_hmset_p99_ms=0.20700
after_11_399.median_hgetdel_ops=27470.90000
after_11_399.median_hgetdel_p99_ms=0.19100
delta.median_hmset_ops_pct=0.56
delta.median_hmset_p99_ms_pct=0.00
delta.median_hgetdel_ops_pct=0.56
delta.median_hgetdel_p99_ms_pct=0.00
