runs=1
median_set_ops=68734.000
median_get_ops=62153.000
median_set_p99_ms=0.10300
median_get_p99_ms=0.15100
