runs=3
median_hash_hdel_ops=11276.60000
median_hash_hdel_p99_ms=1.47900
median_hash_hset_ops=11276.60000
median_hash_hset_p99_ms=2.78300
median_list_lpop_ops=1804.61000
median_list_lpop_p99_ms=6.20700
median_list_lpush_ops=1804.61000
median_list_lpush_p99_ms=5.85500
median_set_sadd_ops=4319.69000
median_set_sadd_p99_ms=5.34300
median_set_srem_ops=4319.69000
median_set_srem_p99_ms=3.98300
median_zset_zadd_ops=4350.15000
median_zset_zadd_p99_ms=4.41500
median_zset_zrem_ops=4350.15000
median_zset_zrem_p99_ms=4.73500
