runs=1
median_set_ops=82121.000
median_get_ops=48535.000
median_set_p99_ms=1.81500
median_get_p99_ms=3.71100
