garnet.set_ops=41632.36
garnet.get_ops=49765.70
garnet.set_p99_ms=0.38300
garnet.get_p99_ms=0.35100
dragonfly.set_ops=194981.66
dragonfly.get_ops=163859.21
dragonfly.set_p99_ms=0.11100
dragonfly.get_p99_ms=0.12700
