runs=1
median_set_ops=157468.000
median_get_ops=178159.000
median_set_p99_ms=0.64700
median_get_p99_ms=0.39900
