binary_ab_comparison
base_label=29ef731171
new_label=working-tree
29ef731171.median_set_ops=57901.000
29ef731171.median_get_ops=65842.000
29ef731171.median_set_p99_ms=0.15900
29ef731171.median_get_p99_ms=0.12700
working-tree.median_set_ops=64216.000
working-tree.median_get_ops=68557.000
working-tree.median_set_p99_ms=0.11100
working-tree.median_get_p99_ms=0.11900
delta.set_ops_pct=10.91
delta.get_ops_pct=4.12
delta.set_p99_ms_pct=-30.19
delta.get_p99_ms_pct=-6.30
