runs=5
median_set_ops=99828.000
median_get_ops=119189.000
median_set_p99_ms=0.08700
median_get_p99_ms=0.09500
