runs=1
median_set_ops=61275.000
median_get_ops=65454.000
median_set_p99_ms=0.15100
median_get_p99_ms=0.11900
