runs=5
median_set_ops=107032.000
median_get_ops=111228.000
median_set_p99_ms=0.10300
median_get_p99_ms=0.09500
