runs=5
median_set_ops=97469.000
median_get_ops=104751.000
median_set_p99_ms=0.11900
median_get_p99_ms=0.11100
