runs=1
median_set_ops=66283.000
median_get_ops=65228.000
median_set_p99_ms=0.11100
median_get_p99_ms=0.16700
