runs=3
median_set_ops=68342.000
median_get_ops=65245.000
median_set_p99_ms=0.11100
median_get_p99_ms=0.14300
