runs=3
median_hash_hdel_ops=11641.50000
median_hash_hdel_p99_ms=0.50300
median_hash_hset_ops=11641.50000
median_hash_hset_p99_ms=0.51100
median_list_lpop_ops=2261.37000
median_list_lpop_p99_ms=1.54300
median_list_lpush_ops=2261.37000
median_list_lpush_p99_ms=6.65500
median_set_sadd_ops=4357.36000
median_set_sadd_p99_ms=1.55900
median_set_srem_ops=4357.36000
median_set_srem_p99_ms=1.60700
median_zset_zadd_ops=4446.53000
median_zset_zadd_p99_ms=1.59100
median_zset_zrem_ops=4446.53000
median_zset_zrem_p99_ms=1.59100
