runs=3
median_set_ops=141454.000
median_get_ops=149741.000
median_set_p99_ms=0.46300
median_get_p99_ms=0.44700
