runs=5
median_set_ops=124898.000
median_get_ops=148533.000
median_set_p99_ms=0.07900
median_get_p99_ms=0.06300
