runs=5
median_set_ops=120554.000
median_get_ops=144245.000
median_set_p99_ms=0.07900
median_get_p99_ms=0.07100
