runs=3
median_set_ops=65823.000
median_get_ops=70339.000
median_set_p99_ms=0.25500
median_get_p99_ms=0.23100
