runs=3
median_set_ops=168360.000
median_get_ops=169718.000
median_set_p99_ms=0.37500
median_get_p99_ms=0.33500
