runs=3
median_set_ops=155079.000
median_get_ops=173206.000
median_set_p99_ms=0.48700
median_get_p99_ms=0.31900
