runs=3
median_set_ops=176590.000
median_get_ops=178458.000
median_set_p99_ms=1.11100
median_get_p99_ms=0.99100
