runs=3
median_hash_hdel_ops=9656.75000
median_hash_hdel_p99_ms=0.61500
median_hash_hset_ops=9656.75000
median_hash_hset_p99_ms=0.63900
median_list_lpop_ops=2224.89000
median_list_lpop_p99_ms=1.16700
median_list_lpush_ops=2224.89000
median_list_lpush_p99_ms=2.92700
median_set_sadd_ops=4350.37000
median_set_sadd_p99_ms=1.64700
median_set_srem_ops=4350.37000
median_set_srem_p99_ms=1.66300
median_zset_zadd_ops=4362.47000
median_zset_zadd_p99_ms=1.71100
median_zset_zrem_ops=4362.47000
median_zset_zrem_p99_ms=1.67100
