runs=3
median_set_ops=75451.000
median_get_ops=76814.000
median_set_p99_ms=0.09500
median_get_p99_ms=0.10300
