runs=3
median_hash_hdel_ops=11509.90000
median_hash_hdel_p99_ms=0.51900
median_hash_hset_ops=11509.90000
median_hash_hset_p99_ms=0.69500
median_list_lpop_ops=2132.43000
median_list_lpop_p99_ms=2.55900
median_list_lpush_ops=2132.43000
median_list_lpush_p99_ms=4.54300
median_set_sadd_ops=4322.78000
median_set_sadd_p99_ms=1.58300
median_set_srem_ops=4322.78000
median_set_srem_p99_ms=1.59900
median_zset_zadd_ops=4314.54000
median_zset_zadd_p99_ms=1.51100
median_zset_zrem_ops=4314.54000
median_zset_zrem_p99_ms=1.59100
