runs=1
median_set_ops=67079.000
median_get_ops=68324.000
median_set_p99_ms=0.11100
median_get_p99_ms=0.11100
