runs=7
median_lmpop_ops=27077.30000
median_lmpop_p99_ms=0.18300
median_lpush_ops=27077.30000
median_lpush_p99_ms=0.19100
