runs=7
median_lmpop_ops=26485.30000
median_lmpop_p99_ms=0.27100
median_lpush_ops=26485.30000
median_lpush_p99_ms=0.28700
