runs=1
median_set_ops=67307.000
median_get_ops=63353.000
median_set_p99_ms=0.11900
median_get_p99_ms=0.16700
