runs=3
median_set_ops=66776.000
median_get_ops=72151.000
median_set_p99_ms=0.15100
median_get_p99_ms=0.11100
