runs=7
median_lmpop_ops=27083.30000
median_lmpop_p99_ms=0.15900
median_lpush_ops=27083.30000
median_lpush_p99_ms=0.15900
