binary_ab_comparison
base_label=before_11390
new_label=after_11391
before_11390.median_set_ops=130898.000
before_11390.median_get_ops=145624.000
before_11390.median_set_p99_ms=0.52700
before_11390.median_get_p99_ms=0.44700
after_11391.median_set_ops=134228.000
after_11391.median_get_ops=150947.000
after_11391.median_set_p99_ms=0.60700
after_11391.median_get_p99_ms=0.42300
delta.set_ops_pct=2.54
delta.get_ops_pct=3.66
delta.set_p99_ms_pct=15.18
delta.get_p99_ms_pct=-5.37
