runs=3
median_set_ops=72412.000
median_get_ops=76979.000
median_set_p99_ms=0.09500
median_get_p99_ms=0.09500
