runs=5
median_set_ops=165276.000
median_get_ops=169073.000
median_set_p99_ms=1.56700
median_get_p99_ms=1.43100
