runs=1
median_set_ops=113494.000
median_get_ops=141116.000
median_set_p99_ms=0.83100
median_get_p99_ms=0.45500
