runs=5
median_set_ops=167998.000
median_get_ops=169824.000
median_set_p99_ms=1.53500
median_get_p99_ms=1.46300
