runs=3
median_set_ops=143628.000
median_get_ops=150239.000
median_set_p99_ms=0.44700
median_get_p99_ms=0.44700
