runs=3
median_set_ops=164260.000
median_get_ops=167421.000
median_set_p99_ms=1.55100
median_get_p99_ms=1.45500
