runs=3
median_hgetex_ops=27290.50000
median_hgetex_p99_ms=0.25500
median_hsetex_ops=27290.50000
median_hsetex_p99_ms=0.27100
