runs=3
median_mixed_get_ops=62823.40000
median_mixed_get_p99_ms=0.56700
median_mixed_set_ops=62823.40000
median_mixed_set_p99_ms=0.57500
median_write_set_ops=103409.00000
median_write_set_p99_ms=0.98300
