runs=1
median_set_ops=66980.000
median_get_ops=64887.000
median_set_p99_ms=0.11100
median_get_p99_ms=0.13500
