runs=3
median_hash_hdel_ops=11085.00000
median_hash_hdel_p99_ms=0.49500
median_hash_hset_ops=11085.00000
median_hash_hset_p99_ms=0.51100
median_list_lpop_ops=2189.38000
median_list_lpop_p99_ms=0.94300
median_list_lpush_ops=2189.38000
median_list_lpush_p99_ms=1.03100
median_set_sadd_ops=4303.06000
median_set_sadd_p99_ms=1.69500
median_set_srem_ops=4303.06000
median_set_srem_p99_ms=1.71100
median_zset_zadd_ops=4303.18000
median_zset_zadd_p99_ms=1.55900
median_zset_zrem_ops=4303.18000
median_zset_zrem_p99_ms=1.59100
