runs=1
median_set_ops=43288.000
median_get_ops=43917.000
median_set_p99_ms=0.10300
median_get_p99_ms=0.11900
