runs=7
median_mixed_get_ops=31263.20000
median_mixed_get_p99_ms=0.06300
median_mixed_set_ops=31263.20000
median_mixed_set_p99_ms=0.07100
median_write_set_ops=46495.60000
median_write_set_p99_ms=0.14300
