runs=1
median_set_ops=70330.000
median_get_ops=62300.000
median_set_p99_ms=0.12700
median_get_p99_ms=0.15900
