runs=3
median_set_ops=51525.000
median_get_ops=119694.000
median_set_p99_ms=3.83900
median_get_p99_ms=0.63900
