runs=5
median_set_ops=138036.000
median_get_ops=158998.000
median_set_p99_ms=0.07100
median_get_p99_ms=0.07100
