runs=5
median_set_ops=89263.000
median_get_ops=100033.000
median_set_p99_ms=0.15100
median_get_p99_ms=0.11100
