runs=5
median_set_ops=50961.000
median_get_ops=56696.000
median_set_p99_ms=0.23900
median_get_p99_ms=0.19900
