runs=5
median_set_ops=83317.000
median_get_ops=91518.000
median_set_p99_ms=0.13500
median_get_p99_ms=0.11900
