runs=5
median_set_ops=126536.000
median_get_ops=147450.000
median_set_p99_ms=0.07100
median_get_p99_ms=0.06300
