runs=1
median_set_ops=44339.000
median_get_ops=44006.000
median_set_p99_ms=0.08700
median_get_p99_ms=0.11900
