runs=3
median_mixed_get_ops=60485.60000
median_mixed_get_p99_ms=0.61500
median_mixed_set_ops=60485.60000
median_mixed_set_p99_ms=0.63100
median_write_set_ops=104407.00000
median_write_set_p99_ms=0.98300
