runs=5
median_set_ops=164618.000
median_get_ops=170816.000
median_set_p99_ms=0.39100
median_get_p99_ms=0.33500
