runs=3
median_hash_hdel_ops=11550.00000
median_hash_hdel_p99_ms=0.76700
median_hash_hset_ops=11550.00000
median_hash_hset_p99_ms=0.91900
median_list_lpop_ops=2188.36000
median_list_lpop_p99_ms=1.67100
median_list_lpush_ops=2188.36000
median_list_lpush_p99_ms=1.41500
median_set_sadd_ops=4306.79000
median_set_sadd_p99_ms=1.64700
median_set_srem_ops=4306.79000
median_set_srem_p99_ms=1.61500
median_zset_zadd_ops=4340.32000
median_zset_zadd_p99_ms=1.67100
median_zset_zrem_ops=4340.32000
median_zset_zrem_p99_ms=1.68700
