runs=5
median_set_ops=94773.000
median_get_ops=121842.000
median_set_p99_ms=0.09500
median_get_p99_ms=0.07900
