runs=3
median_hash_hdel_ops=11247.40000
median_hash_hdel_p99_ms=0.56700
median_hash_hset_ops=11247.40000
median_hash_hset_p99_ms=0.48700
median_list_lpop_ops=2180.81000
median_list_lpop_p99_ms=1.36700
median_list_lpush_ops=2180.81000
median_list_lpush_p99_ms=1.30300
median_set_sadd_ops=4278.83000
median_set_sadd_p99_ms=1.71900
median_set_srem_ops=4278.83000
median_set_srem_p99_ms=1.64700
median_zset_zadd_ops=4298.85000
median_zset_zadd_p99_ms=1.71100
median_zset_zrem_ops=4298.85000
median_zset_zrem_p99_ms=1.68700
