runs=3
median_set_ops=68202.000
median_get_ops=62861.000
median_set_p99_ms=0.11900
median_get_p99_ms=0.17500
