runs=5
median_set_ops=120125.000
median_get_ops=136981.000
median_set_p99_ms=0.07100
median_get_p99_ms=0.07100
