runs=5
median_set_ops=169889.000
median_get_ops=175897.000
median_set_p99_ms=0.36700
median_get_p99_ms=0.30300
