runs=5
median_hash_hdel_ops=10956.50000
median_hash_hdel_p99_ms=1.77500
median_hash_hset_ops=10956.50000
median_hash_hset_p99_ms=1.79100
median_list_lpop_ops=1809.63000
median_list_lpop_p99_ms=5.82300
median_list_lpush_ops=1809.63000
median_list_lpush_p99_ms=5.85500
median_set_sadd_ops=4323.45000
median_set_sadd_p99_ms=3.72700
median_set_srem_ops=4323.45000
median_set_srem_p99_ms=3.21500
median_zset_zadd_ops=4301.30000
median_zset_zadd_p99_ms=3.29500
median_zset_zrem_ops=4301.30000
median_zset_zrem_p99_ms=4.03100
