runs=3
median_set_ops=71817.000
median_get_ops=76365.000
median_set_p99_ms=0.10300
median_get_p99_ms=0.10300
