runs=5
median_set_ops=72427.000
median_get_ops=76451.000
median_set_p99_ms=0.10300
median_get_p99_ms=0.10300
