runs=3
median_set_ops=68207.000
median_get_ops=65121.000
median_set_p99_ms=0.11100
median_get_p99_ms=0.15100
