runs=3
median_hash_hdel_ops=11074.30000
median_hash_hdel_p99_ms=2.92700
median_hash_hset_ops=11074.30000
median_hash_hset_p99_ms=2.11100
median_list_lpop_ops=1779.32000
median_list_lpop_p99_ms=6.55900
median_list_lpush_ops=1779.32000
median_list_lpush_p99_ms=6.30300
median_set_sadd_ops=4279.21000
median_set_sadd_p99_ms=3.79100
median_set_srem_ops=4279.21000
median_set_srem_p99_ms=3.79100
median_zset_zadd_ops=4273.53000
median_zset_zadd_p99_ms=4.12700
median_zset_zrem_ops=4273.53000
median_zset_zrem_p99_ms=4.22300
