runs=3
median_hash_hdel_ops=11007.60000
median_hash_hdel_p99_ms=3.08700
median_hash_hset_ops=11007.60000
median_hash_hset_p99_ms=3.02300
median_list_lpop_ops=1807.31000
median_list_lpop_p99_ms=5.98300
median_list_lpush_ops=1807.31000
median_list_lpush_p99_ms=6.65500
median_set_sadd_ops=4323.47000
median_set_sadd_p99_ms=3.02300
median_set_srem_ops=4323.47000
median_set_srem_p99_ms=4.15900
median_zset_zadd_ops=4244.40000
median_zset_zadd_p99_ms=4.38300
median_zset_zrem_ops=4244.40000
median_zset_zrem_p99_ms=4.83100
