runs=5
median_set_ops=165667.000
median_get_ops=170203.000
median_set_p99_ms=0.38300
median_get_p99_ms=0.34300
