runs=3
median_set_ops=71461.000
median_get_ops=54287.000
median_set_p99_ms=2.06300
median_get_p99_ms=2.65500
