binary_ab_comparison
base_label=cb980b93c9
new_label=worktree
cb980b93c9.median_set_ops=234605.000
cb980b93c9.median_get_ops=324236.000
cb980b93c9.median_set_p99_ms=4.76700
cb980b93c9.median_get_p99_ms=3.26300
worktree.median_set_ops=247923.000
worktree.median_get_ops=333900.000
worktree.median_set_p99_ms=4.31900
worktree.median_get_p99_ms=3.13500
delta.set_ops_pct=5.68
delta.get_ops_pct=2.98
delta.set_p99_ms_pct=-9.40
delta.get_p99_ms_pct=-3.92
