binary_ab_comparison
base_label=cb980b93c9
new_label=worktree
cb980b93c9.median_set_ops=89686.000
cb980b93c9.median_get_ops=95082.000
cb980b93c9.median_set_p99_ms=0.10300
cb980b93c9.median_get_p99_ms=0.09500
worktree.median_set_ops=90148.000
worktree.median_get_ops=92380.000
worktree.median_set_p99_ms=0.09500
worktree.median_get_p99_ms=0.11100
delta.set_ops_pct=0.52
delta.get_ops_pct=-2.84
delta.set_p99_ms_pct=-7.77
delta.get_p99_ms_pct=16.84
