binary_ab_comparison
base_label=cb980b93c9
new_label=worktree
cb980b93c9.median_set_ops=86238.000
cb980b93c9.median_get_ops=97274.000
cb980b93c9.median_set_p99_ms=0.10300
cb980b93c9.median_get_p99_ms=0.10300
worktree.median_set_ops=92210.000
worktree.median_get_ops=93800.000
worktree.median_set_p99_ms=0.09500
worktree.median_get_p99_ms=0.09500
delta.set_ops_pct=6.93
delta.get_ops_pct=-3.57
delta.set_p99_ms_pct=-7.77
delta.get_p99_ms_pct=-7.77
