runs=3
median_set_ops=63143.000
median_get_ops=60380.000
median_set_p99_ms=0.11900
median_get_p99_ms=0.16700
