runs=1
median_set_ops=140243.000
median_get_ops=148011.000
median_set_p99_ms=0.47100
median_get_p99_ms=0.41500
