runs=1
median_set_ops=66242.000
median_get_ops=65609.000
median_set_p99_ms=0.11100
median_get_p99_ms=0.13500
