runs=5
median_set_ops=170111.000
median_get_ops=174387.000
median_set_p99_ms=0.35900
median_get_p99_ms=0.30300
