object_mutation_ab_comparison
base_label=before_11396
new_label=after_11397
before_11396.median_hash_hset_ops=2763.71000
before_11396.median_hash_hset_p99_ms=2.68700
before_11396.median_hash_hdel_ops=2763.71000
before_11396.median_hash_hdel_p99_ms=2.47900
before_11396.median_list_lpush_ops=2158.18000
before_11396.median_list_lpush_p99_ms=1.16700
before_11396.median_list_lpop_ops=2158.18000
before_11396.median_list_lpop_p99_ms=0.96700
before_11396.median_set_sadd_ops=4334.10000
before_11396.median_set_sadd_p99_ms=1.42300
before_11396.median_set_srem_ops=4334.10000
before_11396.median_set_srem_p99_ms=1.63100
before_11396.median_zset_zadd_ops=4284.09000
before_11396.median_zset_zadd_p99_ms=1.69500
before_11396.median_zset_zrem_ops=4284.09000
before_11396.median_zset_zrem_p99_ms=1.55100
after_11397.median_hash_hset_ops=11255.50000
after_11397.median_hash_hset_p99_ms=0.49500
after_11397.median_hash_hdel_ops=11255.50000
after_11397.median_hash_hdel_p99_ms=0.51100
after_11397.median_list_lpush_ops=2178.81000
after_11397.median_list_lpush_p99_ms=1.11100
after_11397.median_list_lpop_ops=2178.81000
after_11397.median_list_lpop_p99_ms=0.99100
after_11397.median_set_sadd_ops=4271.56000
after_11397.median_set_sadd_p99_ms=1.60700
after_11397.median_set_srem_ops=4271.56000
after_11397.median_set_srem_p99_ms=1.71100
after_11397.median_zset_zadd_ops=4291.44000
after_11397.median_zset_zadd_p99_ms=1.72700
after_11397.median_zset_zrem_ops=4291.44000
after_11397.median_zset_zrem_p99_ms=1.62300
delta.median_hash_hset_ops_pct=307.26
delta.median_hash_hset_p99_ms_pct=-81.58
delta.median_hash_hdel_ops_pct=307.26
delta.median_hash_hdel_p99_ms_pct=-79.39
delta.median_list_lpush_ops_pct=0.96
delta.median_list_lpush_p99_ms_pct=-4.80
delta.median_list_lpop_ops_pct=0.96
delta.median_list_lpop_p99_ms_pct=2.48
delta.median_set_sadd_ops_pct=-1.44
delta.median_set_sadd_p99_ms_pct=12.93
delta.median_set_srem_ops_pct=-1.44
delta.median_set_srem_p99_ms_pct=4.90
delta.median_zset_zadd_ops_pct=0.17
delta.median_zset_zadd_p99_ms_pct=1.89
delta.median_zset_zrem_ops_pct=0.17
delta.median_zset_zrem_p99_ms_pct=4.64
