runs=5
median_set_ops=169020.000
median_get_ops=172519.000
median_set_p99_ms=0.35100
median_get_p99_ms=0.35100
