runs=5
median_set_ops=169814.000
median_get_ops=172418.000
median_set_p99_ms=0.34300
median_get_p99_ms=0.34300
