runs=3
median_hash_hdel_ops=11252.40000
median_hash_hdel_p99_ms=0.47100
median_hash_hset_ops=11252.40000
median_hash_hset_p99_ms=0.52700
median_list_lpop_ops=2187.62000
median_list_lpop_p99_ms=0.95100
median_list_lpush_ops=2187.62000
median_list_lpush_p99_ms=1.75900
median_set_sadd_ops=4278.34000
median_set_sadd_p99_ms=1.64700
median_set_srem_ops=4278.34000
median_set_srem_p99_ms=1.64700
median_zset_zadd_ops=4270.60000
median_zset_zadd_p99_ms=1.44700
median_zset_zrem_ops=4270.60000
median_zset_zrem_p99_ms=1.60700
