runs=3
median_mixed_get_ops=56511.70000
median_mixed_get_p99_ms=0.79900
median_mixed_set_ops=56511.70000
median_mixed_set_p99_ms=0.79900
median_write_set_ops=101193.00000
median_write_set_p99_ms=1.18300
