runs=3
median_hgetex_ops=27764.70000
median_hgetex_p99_ms=0.23900
median_hsetex_ops=27764.70000
median_hsetex_p99_ms=0.51900
