runs=5
median_set_ops=97929.000
median_get_ops=104069.000
median_set_p99_ms=0.12700
median_get_p99_ms=0.13500
