runs=5
median_set_ops=105472.000
median_get_ops=113859.000
median_set_p99_ms=0.11900
median_get_p99_ms=0.10300
