runs=5
median_set_ops=77011.000
median_get_ops=78947.000
median_set_p99_ms=0.15900
median_get_p99_ms=0.15900
