runs=7
median_lmpop_ops=26920.90000
median_lmpop_p99_ms=0.22300
median_lpush_ops=26920.90000
median_lpush_p99_ms=0.19900
