runs=3
median_hgetdel_ops=27537.50000
median_hgetdel_p99_ms=0.18300
median_hmset_ops=27537.50000
median_hmset_p99_ms=0.21500
