runs=1
median_set_ops=167636.000
median_get_ops=169043.000
median_set_p99_ms=1.72700
median_get_p99_ms=1.47900
