runs=3
median_set_ops=403331.000
median_get_ops=416236.000
median_set_p99_ms=49.40700
median_get_p99_ms=20.73500
