runs=3
median_hash_hdel_ops=2763.71000
median_hash_hdel_p99_ms=2.47900
median_hash_hset_ops=2763.71000
median_hash_hset_p99_ms=2.68700
median_list_lpop_ops=2158.18000
median_list_lpop_p99_ms=0.96700
median_list_lpush_ops=2158.18000
median_list_lpush_p99_ms=1.16700
median_set_sadd_ops=4334.10000
median_set_sadd_p99_ms=1.42300
median_set_srem_ops=4334.10000
median_set_srem_p99_ms=1.63100
median_zset_zadd_ops=4284.09000
median_zset_zadd_p99_ms=1.69500
median_zset_zrem_ops=4284.09000
median_zset_zrem_p99_ms=1.55100
